function mpc = IEEE39_wmva
mpc.version = "'2'";
mpc.baseMVA = 100.00;
mpc.bus = [
      1.000000     1.000000    97.600000    44.200000     0.000000     0.000000     2.000000     1.039384   -13.536602   345.000000     1.000000     1.060000     0.940000;
      2.000000     1.000000     0.000000     0.000000     0.000000     0.000000     2.000000     1.048494    -9.785267   345.000000     1.000000     1.060000     0.940000;
      3.000000     1.000000   322.000000     2.400000     0.000000     0.000000     2.000000     1.030708   -12.276384   345.000000     1.000000     1.060000     0.940000;
      4.000000     1.000000   500.000000   184.000000     0.000000     0.000000     1.000000     1.004460   -12.626734   345.000000     1.000000     1.060000     0.940000;
      5.000000     1.000000     0.000000     0.000000     0.000000     0.000000     1.000000     1.006006   -11.192339   345.000000     1.000000     1.060000     0.940000;
      6.000000     1.000000     0.000000     0.000000     0.000000     0.000000     1.000000     1.008226   -10.408330   345.000000     1.000000     1.060000     0.940000;
      7.000000     1.000000   233.800000    84.000000     0.000000     0.000000     1.000000     0.998397   -12.755626   345.000000     1.000000     1.060000     0.940000;
      8.000000     1.000000   522.000000   176.600000     0.000000     0.000000     1.000000     0.997872   -13.335844   345.000000     1.000000     1.060000     0.940000;
      9.000000     1.000000     6.500000   -66.600000     0.000000     0.000000     1.000000     1.038332   -14.178442   345.000000     1.000000     1.060000     0.940000;
     10.000000     1.000000     0.000000     0.000000     0.000000     0.000000     1.000000     1.017843    -8.170875   345.000000     1.000000     1.060000     0.940000;
     11.000000     1.000000     0.000000     0.000000     0.000000     0.000000     1.000000     1.013386    -8.936966   345.000000     1.000000     1.060000     0.940000;
     12.000000     1.000000     8.530000    88.000000     0.000000     0.000000     1.000000     1.000815    -8.998824   345.000000     1.000000     1.060000     0.940000;
     13.000000     1.000000     0.000000     0.000000     0.000000     0.000000     1.000000     1.014923    -8.929927   345.000000     1.000000     1.060000     0.940000;
     14.000000     1.000000     0.000000     0.000000     0.000000     0.000000     1.000000     1.012319   -10.715295   345.000000     1.000000     1.060000     0.940000;
     15.000000     1.000000   320.000000   153.000000     0.000000     0.000000     3.000000     1.016185   -11.345399   345.000000     1.000000     1.060000     0.940000;
     16.000000     1.000000   329.000000    32.300000     0.000000     0.000000     3.000000     1.032520   -10.033348   345.000000     1.000000     1.060000     0.940000;
     17.000000     1.000000     0.000000     0.000000     0.000000     0.000000     2.000000     1.034237   -11.116436   345.000000     1.000000     1.060000     0.940000;
     18.000000     1.000000   158.000000    30.000000     0.000000     0.000000     2.000000     1.031573   -11.986168   345.000000     1.000000     1.060000     0.940000;
     19.000000     1.000000     0.000000     0.000000     0.000000     0.000000     3.000000     1.050107    -5.410073   345.000000     1.000000     1.060000     0.940000;
     20.000000     1.000000   680.000000   103.000000     0.000000     0.000000     3.000000     0.991011    -6.821178   345.000000     1.000000     1.060000     0.940000;
     21.000000     1.000000   274.000000   115.000000     0.000000     0.000000     3.000000     1.032319    -7.628746   345.000000     1.000000     1.060000     0.940000;
     22.000000     1.000000     0.000000     0.000000     0.000000     0.000000     3.000000     1.050143    -3.183120   345.000000     1.000000     1.060000     0.940000;
     23.000000     1.000000   247.500000    84.600000     0.000000     0.000000     3.000000     1.045145    -3.381276   345.000000     1.000000     1.060000     0.940000;
     24.000000     1.000000   308.600000   -92.200000     0.000000     0.000000     3.000000     1.038001    -9.913759   345.000000     1.000000     1.060000     0.940000;
     25.000000     1.000000   224.000000    47.200000     0.000000     0.000000     2.000000     1.057683    -8.369235   345.000000     1.000000     1.060000     0.940000;
     26.000000     1.000000   139.000000    17.000000     0.000000     0.000000     2.000000     1.052561    -9.438770   345.000000     1.000000     1.060000     0.940000;
     27.000000     1.000000   281.000000    75.500000     0.000000     0.000000     2.000000     1.038345   -11.362152   345.000000     1.000000     1.060000     0.940000;
     28.000000     1.000000   206.000000    27.600000     0.000000     0.000000     3.000000     1.050374    -5.928359   345.000000     1.000000     1.060000     0.940000;
     29.000000     1.000000   283.500000    26.900000     0.000000     0.000000     3.000000     1.050115    -3.169874   345.000000     1.000000     1.060000     0.940000;
     30.000000     2.000000     0.000000     0.000000     0.000000     0.000000     2.000000     1.049900    -7.370475    20.000000     1.000000     1.060000     0.940000;
     31.000000     3.000000     9.200000     4.600000     0.000000     0.000000     1.000000     0.982000     0.000000    20.000000     1.000000     1.060000     0.940000;
     32.000000     2.000000     0.000000     0.000000     0.000000     0.000000     1.000000     0.984100    -0.188437    20.000000     1.000000     1.060000     0.940000;
     33.000000     2.000000     0.000000     0.000000     0.000000     0.000000     3.000000     0.997200    -0.193174    20.000000     1.000000     1.060000     0.940000;
     34.000000     2.000000     0.000000     0.000000     0.000000     0.000000     3.000000     1.012300    -1.631119    20.000000     1.000000     1.060000     0.940000;
     35.000000     2.000000     0.000000     0.000000     0.000000     0.000000     3.000000     1.049400     1.776507    20.000000     1.000000     1.060000     0.940000;
     36.000000     2.000000     0.000000     0.000000     0.000000     0.000000     3.000000     1.063600     4.468437    20.000000     1.000000     1.060000     0.940000;
     37.000000     2.000000     0.000000     0.000000     0.000000     0.000000     2.000000     1.027500    -1.582899    20.000000     1.000000     1.060000     0.940000;
     38.000000     2.000000     0.000000     0.000000     0.000000     0.000000     3.000000     1.026500     3.892818    20.000000     1.000000     1.060000     0.940000;
     39.000000     2.000000  1104.000000   250.000000     0.000000     0.000000     1.000000     1.030000   -14.535256   345.000000     1.000000     1.060000     0.940000;
];
